0 0.5648 0.4639 0.014 0.0208
0 0.5507 0.4597 0.0117 0.0208
0 0.539 0.4628 0.0164 0.0187
0 0.5215 0.4607 0.014 0.0229
0 0.4671 0.467 0.0246 0.0187
0 0.4431 0.4649 0.0257 0.027
0 0.4109 0.467 0.0152 0.027
0 0.3887 0.467 0.0316 0.0478
0 0.3489 0.4722 0.0363 0.0541
0 0.3126 0.4722 0.0363 0.0374
0 0.2793 0.4743 0.0257 0.0333
0 0.26 0.4815 0.0316 0.027
0 0.1476 0.4722 0.0527 0.0458
0 0.5952 0.4576 0.014 0.0166
0 0.6063 0.4524 0.0129 0.0104
0 0.58 0.4576 0.0094 0.0166
0 0.5841 0.4587 0.0105 0.0146
0 0.6227 0.4639 0.0105 0.0125
0 0.6601 0.4701 0.0105 0.0291
0 0.6748 0.4597 0.0164 0.0125
0 0.6742 0.4743 0.0176 0.0208
0 0.6888 0.4659 0.0117 0.025
0 0.6999 0.4711 0.0246 0.0354
0 0.6361 0.4555 0.014 0.0125
0 0.6028 0.468 0.0152 0.0208
0 0.632 0.467 0.0176 0.0229
0 0.7251 0.4784 0.0421 0.0458
0 0.9392 0.4961 0.1193 0.1435
0 0.0431 0.4815 0.0862 0.0686
