0 0.4344 0.3818 0.0084 0.015
0 0.4254 0.3827 0.0116 0.0243
0 0.4165 0.3874 0.0126 0.0262
0 0.3671 0.3968 0.0273 0.0486
0 0.3565 0.4024 0.0316 0.0449
0 0.3376 0.4089 0.0316 0.0542
0 0.4591 0.3846 0.0074 0.0168
0 0.4654 0.3865 0.0095 0.0206
0 0.4875 0.3977 0.0137 0.0467
0 0.5033 0.4005 0.0347 0.0561
0 0.5648 0.4332 0.04 0.1141
0 0.7468 0.3575 0.0358 0.0299
0 0.7778 0.3996 0.0957 0.1103
0 0.2645 0.4548 0.1567 0.1758
0 0.4055 0.3913 0.0179 0.0262
0 0.4512 0.3828 0.0084 0.0206
0 0.4433 0.3819 0.0074 0.015
0 0.5143 0.4081 0.0463 0.0636
0 0.6505 0.4417 0.1756 0.2468
0 0.4717 0.3899 0.0095 0.0224
