0 0.431 0.5418 0.0153 0.034
0 0.416 0.552 0.0191 0.0272
0 0.3923 0.5635 0.0275 0.0285
0 0.4424 0.5316 0.0115 0.019
0 0.4523 0.5329 0.0099 0.0163
0 0.3242 0.5758 0.0444 0.0829
0 0.2646 0.5853 0.0948 0.1074
0 0.1925 0.6114 0.0964 0.1215
0 0.4984 0.5017 0.0061 0.019
0 0.4836 0.532 0.0138 0.0127
0 0.518 0.5435 0.0092 0.0193
0 0.5403 0.5459 0.0191 0.0303
0 0.557 0.5538 0.0291 0.0353
0 0.5032 0.5574 0.0252 0.0449
0 0.3615 0.5759 0.021 0.0307
0 0.4687 0.5768 0.0681 0.0924
0 0.897 0.6204 0.1071 0.1931
0 0.081 0.6456 0.1598 0.174
0 0.7865 0.6762 0.3227 0.3195
